ONEWEB-0236
1 48797U 21045AG  24155.41122357 -.00000023  00000+0 -95286-4 0  9999
2 48797  87.9060  47.2091 0002037  78.2733 281.8626 13.15547742147589
ONEWEB-0321
1 49191U 21083F   24155.26924254  .00000045  00000+0  77712-4 0  9995
2 49191  87.9223  62.4525 0002216  80.9662 279.1722 13.20769278139911
ONEWEB-0342
1 49208U 21083Y   24154.51010662 -.00000076  00000+0 -21976-3 0  9996
2 49208  87.9214  62.6395 0002148  82.1399 277.9978 13.20770412138484
ONEWEB-0354
1 49217U 21083AH  24155.50441661  .00000031  00000+0  44614-4 0  9997
2 49217  87.9223  62.3965 0002000  69.0084 291.1263 13.20770739139956
ONEWEB-0357
1 49219U 21083AK  24154.97095557 -.00000014  00000+0 -66507-4 0  9996
2 49219  87.9219  62.5216 0002173  76.7076 283.4300 13.20769613138573
ONEWEB-0364
1 49290U 21090M   24154.96778580  .00000040  00000+0  66356-4 0  9995
2 49290  87.9225  62.5390 0001872  82.3153 277.8192 13.20768985133208
ONEWEB-0368
1 49294U 21090R   24155.50756021  .00000006  00000+0 -17655-4 0  9997
2 49294  87.9223  62.4313 0001906 105.4778 254.6566 13.20769405134119
ONEWEB-0384
1 49310U 21090AH  24155.43810760  .00000028  00000+0  36718-4 0  9993
2 49310  87.9224  62.4265 0001450  90.7114 269.4185 13.20773814132960
ONEWEB-0385
1 49311U 21090AJ  24154.44854723  .00000061  00000+0  11724-3 0  9997
2 49311  87.9224  62.6249 0001559  81.7295 278.4015 13.20769994131498
ONEWEB-0387
1 49313U 21090AL  24155.43496626  .00000069  00000+0  13766-3 0  9999
2 49313  87.9221  62.4856 0001594  71.9536 288.1771 13.20770382132959
ONEWEB-0510
1 54128U 22138R   24155.50283173 -.00000087  00000+0 -24645-3 0  9992
2 54128  87.9225  62.3983 0002075  66.2003 293.9348 13.20770520 82013
ONEWEB-0536
1 54148U 22138AM  24155.43970931  .00000103  00000+0  22254-3 0  9992
2 54148  87.9221  62.4622 0001453  44.1609 315.9640 13.20767869 81996
ONEWEB-0563
1 55800U 23029E   24155.20926078 -.00000127  00000+0 -34421-3 0  9993
2 55800  87.9224  62.5075 0001813  89.5984 270.5357 13.20774492 63617
ONEWEB-0564
1 55801U 23029F   24155.50599578 -.00000086  00000+0 -24272-3 0  9995
2 55801  87.9225  62.4336 0001526  73.4384 286.6917 13.20767888 63694
ONEWEB-0656
1 55817U 23029X   24155.19665596  .00000082  00000+0  16887-3 0  9998
2 55817  87.9226  62.4375 0001507  61.3291 298.7994 13.20767516 63627
