ONEWEB-0179
1 48212U 21031C   24155.14667969  .00000118  00000+0  28328-3 0  9994
2 48212  87.8969  77.7185 0001975  75.6757 284.4592 13.14501848150588
ONEWEB-0196
1 48218U 21031J   24155.16569158  .00000650  00000+0  17184-2 0  9991
2 48218  87.8972  77.7322 0002043  78.9625 281.1734 13.14509688150478
ONEWEB-0185
1 48220U 21031L   24154.48144135  .00000105  00000+0  24896-3 0  9996
2 48220  87.8969  77.8578 0001912  73.5983 286.5356 13.14501653150410
ONEWEB-0202
1 48224U 21031Q   24155.53361288  .00000195  00000+0  49181-3 0  9990
2 48224  87.8967  77.6714 0002750  67.6452 292.4969 13.14502008150677
ONEWEB-0205
1 48226U 21031S   24155.54312705  .00000198  00000+0  50022-3 0  9992
2 48226  87.8968  77.6527 0002001  73.0447 287.0902 13.14501926150581
ONEWEB-0188
1 48231U 21031X   24155.15777664  .00000150  00000+0  37098-3 0  9990
2 48231  87.8970  77.7752 0001951  77.0351 283.0996 13.14502851150398
ONEWEB-0165
1 48233U 21031Z   24155.53043442  .00000160  00000+0  39803-3 0  9991
2 48233  87.8968  77.6821 0002075  74.2717 285.8641 13.14501722150669
ONEWEB-0194
1 48237U 21031AD  24154.54566613  .00000240  00000+0  61378-3 0  9996
2 48237  87.8971  77.8507 0002163  86.3394 273.7983 13.14501860150537
ONEWEB-0195
1 48240U 21031AG  24155.15856820  .00000297  00000+0  76714-3 0  9992
2 48240  87.8969  77.7201 0002271  69.3494 290.7879 13.14502038150407
ONEWEB-0201
1 48241U 21031AH  24155.52805463  .00000098  00000+0  23069-3 0  9995
2 48241  87.8968  77.6806 0002052  75.6701 284.4656 13.14501242150684
ONEWEB-0200
1 48244U 21031AL  24155.14826807  .00000121  00000+0  29240-3 0  9995
2 48244  87.8967  77.7349 0002155  74.4403 285.6965 13.14502262150497
ONEWEB-0217
1 48245U 21031AM  24155.31635152  .00000291  00000+0  75001-3 0  9990
2 48245  87.8967  77.6859 0002283  73.4466 286.6914 13.14501585150462
ONEWEB-0353
1 49282U 21090D   24155.23548434  .00000337  00000+0  87387-3 0  9995
2 49282  87.8970  77.7254 0002193  85.8002 274.3378 13.14502396131133
ONEWEB-0366
1 49292U 21090P   24155.23231313  .00000280  00000+0  72047-3 0  9995
2 49292  87.8971  77.7350 0002012  84.4745 275.6614 13.14501932131122
ONEWEB-0530
1 55796U 23029A   24155.15877215  .00000139  00000+0  31058-3 0  9993
2 55796  87.9223  62.5117 0001363  76.4058 283.7227 13.20769965 63648
ONEWEB-0660
1 55820U 23029AA  24154.54249567  .00000225  00000+0  57358-3 0  9993
2 55820  87.8969  77.8330 0002303  92.7886 267.3507 13.14502306 61579
ONEWEB-0662
1 55822U 23029AC  24154.53614839  .00000163  00000+0  40621-3 0  9998
2 55822  87.8970  77.9086 0002273  88.2969 271.8421 13.14503014 61606
ONEWEB-0670
1 55829U 23029AK  24154.55200590  .00000194  00000+0  48797-3 0  9998
2 55829  87.8974  77.8780 0002035  96.5646 263.5716 13.14500982 62299
