ONEWEB-0184
1 48211U 21031B   24154.79621880  .00000012  00000+0 -31813-5 0  9994
2 48211  87.8968  77.7857 0003033  80.1516 279.9956 13.14501557150493
ONEWEB-0180
1 48213U 21031D   24154.49491937 -.00000118  00000+0 -35324-3 0  9998
2 48213  87.8968  77.8465 0002006  72.6911 287.4438 13.14502054150385
ONEWEB-0198
1 48216U 21031G   24155.47969182  .00000149  00000+0  36685-3 0  9995
2 48216  87.8970  77.6908 0002339  71.6696 288.4688 13.14502438150765
ONEWEB-0196
1 48218U 21031J   24155.16569158  .00000650  00000+0  17184-2 0  9991
2 48218  87.8972  77.7322 0002043  78.9625 281.1734 13.14509688150478
ONEWEB-0185
1 48220U 21031L   24154.48144135  .00000105  00000+0  24896-3 0  9996
2 48220  87.8969  77.8578 0001912  73.5983 286.5356 13.14501653150410
ONEWEB-0219
1 48223U 21031P   24154.48698052  .00000100  00000+0  23572-3 0  9996
2 48223  87.8970  77.8605 0001983  72.9470 287.1877 13.14501021150546
ONEWEB-0204
1 48225U 21031R   24155.49158259 -.00000054  00000+0 -18145-3 0  9990
2 48225  87.8970  77.6919 0001609  82.9244 277.2069 13.14501629150568
ONEWEB-0197
1 48236U 21031AC  24154.49095184 -.00000031  00000+0 -11928-3 0  9995
2 48236  87.8971  77.8686 0001640  81.2397 278.8919 13.14501635150355
ONEWEB-0193
1 48238U 21031AE  24155.17046226  .00000202  00000+0  51007-3 0  9996
2 48238  87.8972  77.7342 0002158  79.4924 280.6448 13.14501240150569
ONEWEB-0191
1 48239U 21031AF  24155.18156307 -.00000033  00000+0 -12290-3 0  9995
2 48239  87.8970  77.7161 0002099  78.5559 281.5806 13.14501459150420
ONEWEB-0208
1 48243U 21031AK  24155.48920483  .00000038  00000+0  68142-4 0  9998
2 48243  87.8970  77.6693 0002064  74.1958 285.9399 13.14502454150602
ONEWEB-0332
1 49279U 21090A   24155.54788402  .00000230  00000+0  58539-3 0  9995
2 49279  87.8968  77.6784 0002204  87.8021 272.3361 13.14501948129880
ONEWEB-0365
1 49291U 21090N   24155.19651747 -.00000083  00000+0 -23933-3 0  9999
2 49291  87.9145  93.0248 0002168  80.9229 279.2149 13.19722816129583
ONEWEB-0376
1 49302U 21090Z   24155.19809792  .00000008  00000+0 -12250-4 0  9994
2 49302  87.9146  93.0257 0002313  85.3099 274.8298 13.19723611129606
ONEWEB-0380
1 49306U 21090AD  24155.34656021  .00006062  00000+0  15107-1 0  9996
2 49306  87.9155  92.9988 0002239  88.1885 271.9504 13.19692818129590
ONEWEB-0639
1 55803U 23029H   24154.58683034 -.00000019  00000+0 -79622-4 0  9991
2 55803  87.9152  93.1538 0003464  90.6371 269.5158 13.19725145 61389
ONEWEB-0643
1 55807U 23029M   24155.16888021  .00000239  00000+0  60989-3 0  9990
2 55807  87.8972  77.7604 0002953  70.1112 290.0336 13.14501695 62354
ONEWEB-0653
1 55815U 23029V   24155.17838380  .00000035  00000+0  60240-4 0  9998
2 55815  87.8976  77.7209 0001844  88.4057 271.7284 13.14501318 62345
ONEWEB-0654
1 55816U 23029W   24155.17363804  .00000179  00000+0  44740-3 0  9998
2 55816  87.8974  77.7325 0001521  79.7920 280.3381 13.14502114 62368
ONEWEB-0661
1 55821U 23029AB  24155.18631188 -.00000069  00000+0 -21976-3 0  9994
2 55821  87.8975  77.7712 0002129  93.7646 266.3727 13.14500627 62333
