ONEWEB-0189
1 48217U 21031H   24154.73120119 -.00000149  00000+0 -43633-3 0  9996
2 48217  87.8970  77.8153 0002373  69.7041 290.4344 13.14501787150421
ONEWEB-0204
1 48225U 21031R   24155.49158259 -.00000054  00000+0 -18145-3 0  9990
2 48225  87.8970  77.6919 0001609  82.9244 277.2069 13.14501629150568
ONEWEB-0365
1 49291U 21090N   24155.19651747 -.00000083  00000+0 -23933-3 0  9999
2 49291  87.9145  93.0248 0002168  80.9229 279.2149 13.19722816129583
ONEWEB-0371
1 49297U 21090U   24154.82059366 -.00000012  00000+0 -62929-4 0  9994
2 49297  87.9151  93.0916 0002220  80.7684 279.3700 13.19725351128276
ONEWEB-0376
1 49302U 21090Z   24155.19809792  .00000008  00000+0 -12250-4 0  9994
2 49302  87.9146  93.0257 0002313  85.3099 274.8298 13.19723611129606
ONEWEB-0499
1 54117U 22138E   24154.76371792  .00000019  00000+0  14044-4 0  9998
2 54117  87.9149  93.1141 0001866  95.5280 264.6065 13.19728288 78639
ONEWEB-0504
1 54122U 22138K   24154.53154554  .00000037  00000+0  60723-4 0  9999
2 54122  87.9147  93.1573 0002077  92.6361 267.5010 13.19723940 79481
ONEWEB-0505
1 54123U 22138L   24154.52838618  .00000058  00000+0  11334-3 0  9995
2 54123  87.9145  93.1531 0002516  97.9852 262.1566 13.19724065 78592
ONEWEB-0507
1 54125U 22138N   24155.35763309  .00000031  00000+0  45219-4 0  9994
2 54125  87.9154  93.0047 0002376  85.9218 274.2186 13.19724201 79610
ONEWEB-0508
1 54126U 22138P   24155.12700355 -.00000058  00000+0 -17806-3 0  9993
2 54126  87.9152  93.0445 0002483  87.7255 272.4162 13.19728289 79569
ONEWEB-0513
1 54131U 22138U   24155.21309459  .00000056  00000+0  10845-3 0  9991
2 54131  87.9151  93.0276 0002214  98.3131 261.8253 13.19727096 79433
ONEWEB-0517
1 54135U 22138Y   24154.52994717  .00000049  00000+0  91199-4 0  9999
2 54135  87.9145  93.1562 0001672  89.6703 270.4622 13.19723388 78619
ONEWEB-0520
1 54138U 22138AB  24155.21546380  .00000024  00000+0  26439-4 0  9996
2 54138  87.9146  93.0181 0002446  90.9680 269.1733 13.19723749 79562
ONEWEB-0526
1 54144U 22138AH  24155.35604701  .00000065  00000+0  13096-3 0  9999
2 54144  87.9145  92.9891 0002207  81.5962 278.5421 13.19723517 79569
ONEWEB-0529
1 54145U 22138AJ  24155.35920591  .00000056  00000+0  10730-3 0  9990
2 54145  87.9151  93.0024 0002387  87.4243 272.7163 13.19723650 79582
ONEWEB-0638
1 55802U 23029G   24154.73278707 -.00000191  00000+0 -54858-3 0  9998
2 55802  87.8971  77.8739 0002049  99.3854 260.7507 13.14501860 61593
ONEWEB-0646
1 55810U 23029Q   24155.35682254  .00000030  00000+0  42179-4 0  9996
2 55810  87.9152  93.0018 0002365  78.8727 281.2672 13.19727380 61476
ONEWEB-0673
1 55832U 23029AN  24155.20126009  .00000050  00000+0  91589-4 0  9996
2 55832  87.9151  93.0014 0002197  88.3064 271.8320 13.19725078 61486
ONEWEB-0675
1 55834U 23029AQ  24155.21705537  .00000031  00000+0  44114-4 0  9999
2 55834  87.9154  93.0304 0002238  70.3297 289.8077 13.19725591 61509
ONEWEB-0720
1 55835U 23029AR  24155.20915360  .00000112  00000+0  24698-3 0  9990
2 55835  87.9154  93.0329 0002549  87.1121 273.0303 13.19724014 61409
