ONEWEB-0115
1 48042U 21025A   24155.37737321  .00000053  00000+0  10982-3 0  9998
2 48042  87.8914 108.2906 0002136  87.0163 273.1211 13.13469430155967
ONEWEB-0177
1 48074U 21025AJ  24155.14725370  .00000015  00000+0  56962-5 0  9997
2 48074  87.8918 108.3245 0002020  69.7628 290.3718 13.13469067156003
ONEWEB-0352
1 49216U 21083AG  24154.84571709  .00000161  00000+0  40601-3 0  9994
2 49216  87.8923 108.4095 0002354  83.1391 277.0006 13.13469121133311
ONEWEB-0490
1 54113U 22138A   24155.22019988 -.00000213  00000+0 -56320-3 0  9992
2 54113  87.9144  93.0200 0002212  82.3494 277.7890 13.19724479 79575
ONEWEB-0495
1 54115U 22138C   24155.22337490  .00000089  00000+0  18942-3 0  9992
2 54115  87.9153  93.0332 0002620  95.1878 264.9553 13.19724805 79560
ONEWEB-0497
1 54116U 22138D   24155.23600667  .00000153  00000+0  34994-3 0  9990
2 54116  87.9146  93.0195 0002243  82.7672 277.3716 13.19723903 79551
ONEWEB-0499
1 54117U 22138E   24154.76371792  .00000019  00000+0  14044-4 0  9998
2 54117  87.9149  93.1141 0001866  95.5280 264.6065 13.19728288 78639
ONEWEB-0500
1 54118U 22138F   24155.22179302  .00000072  00000+0  14862-3 0  9990
2 54118  87.9148  93.0192 0002192  81.3245 278.8136 13.19723750 79570
ONEWEB-0502
1 54120U 22138H   24155.23758584  .00000131  00000+0  29444-3 0  9997
2 54120  87.9145  93.0042 0002228  90.7272 269.4116 13.19724208 79571
ONEWEB-0503
1 54121U 22138J   24154.54417923  .00000101  00000+0  22090-3 0  9997
2 54121  87.9143  93.1490 0001645  89.2119 270.9202 13.19719501 78609
ONEWEB-0516
1 54134U 22138X   24155.23285694  .00000809  00000+0  19870-2 0  9992
2 54134  87.9150  93.0290 0002056  82.9539 277.1828 13.19724875 79571
ONEWEB-0518
1 54136U 22138Z   24155.23125466 -.00000237  00000+0 -62403-3 0  9992
2 54136  87.9153  93.0286 0002003  84.6249 275.5112 13.19725418 79572
ONEWEB-0522
1 54140U 22138AD  24155.22811081  .00000032  00000+0  47383-4 0  9993
2 54140  87.9143  93.0105 0002205  81.7665 278.3718 13.19723889 79551
ONEWEB-0657
1 55818U 23029Y   24154.55206285 -.00000284  00000+0 -74116-3 0  9999
2 55818  87.9151  93.1647 0002077  55.4659 304.6670 13.19724598 61372
ONEWEB-0658
1 55819U 23029Z   24155.07806196  .00000043  00000+0  74901-4 0  9999
2 55819  87.9151  92.9956 0002722  81.7810 278.3632 13.19723550 61452
ONEWEB-0671
1 55830U 23029AL  24155.22496322  .00000088  00000+0  18849-3 0  9992
2 55830  87.9152  93.0291 0002124  90.1217 270.0159 13.19725284 61461
ONEWEB-0675
1 55834U 23029AQ  24155.21705537  .00000031  00000+0  44114-4 0  9999
2 55834  87.9154  93.0304 0002238  70.3297 289.8077 13.19725591 61509
