ONEWEB-0152
1 48043U 21025B   24155.39007080  .00000298  00000+0  78008-3 0  9997
2 48043  87.8919 108.2851 0002115  85.3162 274.8209 13.13468661155925
ONEWEB-0150
1 48047U 21025F   24155.38054657  .00000111  00000+0  26773-3 0  9998
2 48047  87.8915 108.2745 0002002  79.8968 280.2386 13.13468946155905
ONEWEB-0107
1 48048U 21025G   24155.15359532 -.00000437  00000+0 -12305-2 0  9992
2 48048  87.8921 108.3175 0002064  74.9060 285.2298 13.13474373155850
ONEWEB-0113
1 48050U 21025J   24155.17105526  .00000465  00000+0  12371-2 0  9991
2 48050  87.8922 108.3115 0002133  86.9048 273.2325 13.13469310155914
ONEWEB-0112
1 48051U 21025K   24154.62511971  .00000295  00000+0  77372-3 0  9990
2 48051  87.8915 108.4206 0001994  82.8921 277.2435 13.13468991155851
ONEWEB-0156
1 48052U 21025L   24155.16789382  .00000347  00000+0  91573-3 0  9991
2 48052  87.8919 108.3091 0001986  81.4282 278.7072 13.13469296155912
ONEWEB-0162
1 48056U 21025Q   24155.16629896  .00000318  00000+0  83555-3 0  9997
2 48056  87.8917 108.3185 0002000  81.8704 278.2652 13.13468225155852
ONEWEB-0159
1 48062U 21025W   24155.39166444  .00000377  00000+0  99852-3 0  9996
2 48062  87.8917 108.2623 0001917  76.8659 283.2684 13.13469773155966
ONEWEB-0178
1 48075U 21025AK  24155.39337943  .00000426  00000+0  11315-2 0  9996
2 48075  87.8924 108.2924 0002046  76.5334 283.6023 13.13469302156086
ONEWEB-0169
1 48077U 21025AM  24154.62353325  .00000293  00000+0  76636-3 0  9995
2 48077  87.8918 108.4360 0001866  87.9821 272.1522 13.13468898154560
ONEWEB-0336
1 49202U 21083S   24155.15519494  .00000194  00000+0  49551-3 0  9996
2 49202  87.8924 108.3396 0002074  86.7928 273.3439 13.13469801134544
ONEWEB-0337
1 49203U 21083T   24155.16457491  .00000379  00000+0  10041-2 0  9992
2 49203  87.8924 108.3364 0002029  77.9979 282.1378 13.13468622134548
ONEWEB-0345
1 49211U 21083AB  24155.23612693  .00000264  00000+0  68688-3 0  9990
2 49211  87.8922 108.3100 0001931  66.8091 293.3241 13.13469015134546
ONEWEB-0350
1 49214U 21083AE  24154.86476689  .00000319  00000+0  83925-3 0  9996
2 49214  87.8921 108.3753 0001979  71.5635 288.5709 13.13469174133226
ONEWEB-0352
1 49216U 21083AG  24154.84571709  .00000161  00000+0  40601-3 0  9994
2 49216  87.8923 108.4095 0002354  83.1391 277.0006 13.13469121133311
ONEWEB-0512
1 54130U 22138T   24155.09069291  .00000067  00000+0  13460-3 0  9991
2 54130  87.9152  93.0573 0002361  93.7615 266.3788 13.19723710 79535
ONEWEB-0535
1 54147U 22138AL  24155.08909977  .00000047  00000+0  85150-4 0  9996
2 54147  87.9146  93.0404 0001928  74.4298 285.7048 13.19723149 79563
ONEWEB-0618
1 55159U 23004V   24155.22315074  .00000271  00000+0  10401-3 0  9993
2 55159  86.9060  98.2880 0012557 340.0044  20.0654 14.26807790 73355
ONEWEB-0650
1 55813U 23029T   24154.55681779  .00000068  00000+0  13825-3 0  9997
2 55813  87.9152  93.1586 0002435  80.0366 280.1042 13.19723380 61376
