ONEWEB-0179
1 48212U 21031C   24155.14667969  .00000118  00000+0  28328-3 0  9994
2 48212  87.8969  77.7185 0001975  75.6757 284.4592 13.14501848150588
ONEWEB-0183
1 48219U 21031K   24155.52091703 -.00000051  00000+0 -17119-3 0  9994
2 48219  87.8968  77.6782 0001926  76.5144 283.6201 13.14501429150620
ONEWEB-0187
1 48221U 21031M   24154.75578399 -.00000031  00000+0 -11684-3 0  9991
2 48221  87.8969  77.8355 0001936  74.9374 285.1970 13.14502244150468
ONEWEB-0202
1 48224U 21031Q   24155.53361288  .00000195  00000+0  49181-3 0  9990
2 48224  87.8967  77.6714 0002750  67.6452 292.4969 13.14502008150677
ONEWEB-0206
1 48227U 21031T   24154.75499052 -.00000035  00000+0 -13006-3 0  9999
2 48227  87.8965  77.7994 0001892  72.4616 287.6720 13.14502045150426
ONEWEB-0186
1 48229U 21031V   24155.21803935  .00000069  00000+0  15215-3 0  9991
2 48229  87.8969  77.6978 0002045  77.9475 282.1883 13.14502297150651
ONEWEB-0165
1 48233U 21031Z   24155.53043442  .00000160  00000+0  39803-3 0  9991
2 48233  87.8968  77.6821 0002075  74.2717 285.8641 13.14501722150669
ONEWEB-0194
1 48237U 21031AD  24154.54566613  .00000240  00000+0  61378-3 0  9996
2 48237  87.8971  77.8507 0002163  86.3394 273.7983 13.14501860150537
ONEWEB-0201
1 48241U 21031AH  24155.52805463  .00000098  00000+0  23069-3 0  9995
2 48241  87.8968  77.6806 0002052  75.6701 284.4656 13.14501242150684
ONEWEB-0200
1 48244U 21031AL  24155.14826807  .00000121  00000+0  29240-3 0  9995
2 48244  87.8967  77.7349 0002155  74.4403 285.6965 13.14502262150497
ONEWEB-0349
1 49281U 21090C   24155.22031706  .00000172  00000+0  39099-3 0  9996
2 49281  87.9222  62.4700 0001834  71.6295 288.5038 13.20769959132912
ONEWEB-0356
1 49283U 21090E   24155.21873500  .00000126  00000+0  27836-3 0  9998
2 49283  87.9221  62.4650 0001136  98.2486 261.8776 13.20769582132914
ONEWEB-0366
1 49292U 21090P   24155.23231313  .00000280  00000+0  72047-3 0  9995
2 49292  87.8971  77.7350 0002012  84.4745 275.6614 13.14501932131122
ONEWEB-0374
1 49300U 21090X   24154.53456022  .00000144  00000+0  35433-3 0  9990
2 49300  87.8967  77.8593 0001993  83.6476 276.4881 13.14502674129739
ONEWEB-0379
1 49305U 21090AC  24155.21485995  .00000059  00000+0  12491-3 0  9996
2 49305  87.8968  77.7265 0002034  82.1999 277.9362 13.14501415131129
ONEWEB-0386
1 49312U 21090AK  24155.22348086  .00000128  00000+0  28333-3 0  9993
2 49312  87.9217  62.4664 0001702  86.4582 273.6746 13.20768905132929
ONEWEB-0534
1 55797U 23029B   24155.44917063  .00000114  00000+0  24820-3 0  9994
2 55797  87.9223  62.4610 0001957  85.7062 274.4295 13.20770481 63662
ONEWEB-0648
1 55811U 23029R   24154.75657472  .00000013  00000+0  13324-5 0  9996
2 55811  87.8970  77.8134 0003069  90.5680 269.5802 13.14501509 61599
ONEWEB-0660
1 55820U 23029AA  24154.54249567  .00000225  00000+0  57358-3 0  9993
2 55820  87.8969  77.8330 0002303  92.7886 267.3507 13.14502306 61579
ONEWEB-0662
1 55822U 23029AC  24154.53614839  .00000163  00000+0  40621-3 0  9998
2 55822  87.8970  77.9086 0002273  88.2969 271.8421 13.14503014 61606
