ONEWEB-0184
1 48211U 21031B   24154.79621880  .00000012  00000+0 -31813-5 0  9994
2 48211  87.8968  77.7857 0003033  80.1516 279.9956 13.14501557150493
ONEWEB-0198
1 48216U 21031G   24155.47969182  .00000149  00000+0  36685-3 0  9995
2 48216  87.8970  77.6908 0002339  71.6696 288.4688 13.14502438150765
ONEWEB-0196
1 48218U 21031J   24155.16569158  .00000650  00000+0  17184-2 0  9991
2 48218  87.8972  77.7322 0002043  78.9625 281.1734 13.14509688150478
ONEWEB-0185
1 48220U 21031L   24154.48144135  .00000105  00000+0  24896-3 0  9996
2 48220  87.8969  77.8578 0001912  73.5983 286.5356 13.14501653150410
ONEWEB-0219
1 48223U 21031P   24154.48698052  .00000100  00000+0  23572-3 0  9996
2 48223  87.8970  77.8605 0001983  72.9470 287.1877 13.14501021150546
ONEWEB-0205
1 48226U 21031S   24155.54312705  .00000198  00000+0  50022-3 0  9992
2 48226  87.8968  77.6527 0002001  73.0447 287.0902 13.14501926150581
ONEWEB-0188
1 48231U 21031X   24155.15777664  .00000150  00000+0  37098-3 0  9990
2 48231  87.8970  77.7752 0001951  77.0351 283.0996 13.14502851150398
ONEWEB-0197
1 48236U 21031AC  24154.49095184 -.00000031  00000+0 -11928-3 0  9995
2 48236  87.8971  77.8686 0001640  81.2397 278.8919 13.14501635150355
ONEWEB-0194
1 48237U 21031AD  24154.54566613  .00000240  00000+0  61378-3 0  9996
2 48237  87.8971  77.8507 0002163  86.3394 273.7983 13.14501860150537
ONEWEB-0193
1 48238U 21031AE  24155.17046226  .00000202  00000+0  51007-3 0  9996
2 48238  87.8972  77.7342 0002158  79.4924 280.6448 13.14501240150569
ONEWEB-0195
1 48240U 21031AG  24155.15856820  .00000297  00000+0  76714-3 0  9992
2 48240  87.8969  77.7201 0002271  69.3494 290.7879 13.14502038150407
ONEWEB-0217
1 48245U 21031AM  24155.31635152  .00000291  00000+0  75001-3 0  9990
2 48245  87.8967  77.6859 0002283  73.4466 286.6914 13.14501585150462
ONEWEB-0332
1 49279U 21090A   24155.54788402  .00000230  00000+0  58539-3 0  9995
2 49279  87.8968  77.6784 0002204  87.8021 272.3361 13.14501948129880
ONEWEB-0353
1 49282U 21090D   24155.23548434  .00000337  00000+0  87387-3 0  9995
2 49282  87.8970  77.7254 0002193  85.8002 274.3378 13.14502396131133
ONEWEB-0366
1 49292U 21090P   24155.23231313  .00000280  00000+0  72047-3 0  9995
2 49292  87.8971  77.7350 0002012  84.4745 275.6614 13.14501932131122
ONEWEB-0514
1 54132U 22138V   24154.57576367 -.00000037  00000+0 -12444-3 0  9992
2 54132  87.9146  93.1510 0002028  82.5908 277.5455 13.19723145 78618
ONEWEB-0643
1 55807U 23029M   24155.16888021  .00000239  00000+0  60989-3 0  9990
2 55807  87.8972  77.7604 0002953  70.1112 290.0336 13.14501695 62354
ONEWEB-0654
1 55816U 23029W   24155.17363804  .00000179  00000+0  44740-3 0  9998
2 55816  87.8974  77.7325 0001521  79.7920 280.3381 13.14502114 62368
ONEWEB-0670
1 55829U 23029AK  24154.55200590  .00000194  00000+0  48797-3 0  9998
2 55829  87.8974  77.8780 0002035  96.5646 263.5716 13.14500982 62299
