ONEWEB-0184
1 48211U 21031B   24154.79621880  .00000012  00000+0 -31813-5 0  9994
2 48211  87.8968  77.7857 0003033  80.1516 279.9956 13.14501557150493
ONEWEB-0180
1 48213U 21031D   24154.49491937 -.00000118  00000+0 -35324-3 0  9998
2 48213  87.8968  77.8465 0002006  72.6911 287.4438 13.14502054150385
ONEWEB-0191
1 48239U 21031AF  24155.18156307 -.00000033  00000+0 -12290-3 0  9995
2 48239  87.8970  77.7161 0002099  78.5559 281.5806 13.14501459150420
ONEWEB-0362
1 49288U 21090K   24154.58050765  .00000054  00000+0  10335-3 0  9998
2 49288  87.9151  93.1664 0002413  77.6636 282.4766 13.19726195128705
ONEWEB-0365
1 49291U 21090N   24155.19651747 -.00000083  00000+0 -23933-3 0  9999
2 49291  87.9145  93.0248 0002168  80.9229 279.2149 13.19722816129583
ONEWEB-0369
1 49295U 21090S   24155.19176458 -.00000410  00000+0 -10557-2 0  9995
2 49295  87.9152  93.0277 0002169  84.0813 276.0567 13.19724923129571
ONEWEB-0371
1 49297U 21090U   24154.82059366 -.00000012  00000+0 -62929-4 0  9994
2 49297  87.9151  93.0916 0002220  80.7684 279.3700 13.19725351128276
ONEWEB-0376
1 49302U 21090Z   24155.19809792  .00000008  00000+0 -12250-4 0  9994
2 49302  87.9146  93.0257 0002313  85.3099 274.8298 13.19723611129606
ONEWEB-0380
1 49306U 21090AD  24155.34656021  .00006062  00000+0  15107-1 0  9996
2 49306  87.9155  92.9988 0002239  88.1885 271.9504 13.19692818129590
ONEWEB-0388
1 49314U 21090AM  24155.19018570  .00000023  00000+0  24899-4 0  9991
2 49314  87.9151  93.0343 0001986  85.5691 274.5668 13.19728091129577
ONEWEB-0506
1 54124U 22138M   24154.80637777  .00000012  00000+0 -19443-5 0  9992
2 54124  87.9146  93.0946 0002216  87.3896 272.7490 13.19723447 78621
ONEWEB-0508
1 54126U 22138P   24155.12700355 -.00000058  00000+0 -17806-3 0  9993
2 54126  87.9152  93.0445 0002483  87.7255 272.4162 13.19728289 79569
ONEWEB-0526
1 54144U 22138AH  24155.35604701  .00000065  00000+0  13096-3 0  9999
2 54144  87.9145  92.9891 0002207  81.5962 278.5421 13.19723517 79569
ONEWEB-0639
1 55803U 23029H   24154.58683034 -.00000019  00000+0 -79622-4 0  9991
2 55803  87.9152  93.1538 0003464  90.6371 269.5158 13.19725145 61389
ONEWEB-0641
1 55805U 23029K   24155.34025442  .00000089  00000+0  19041-3 0  9994
2 55805  87.9150  92.9862 0002362  82.6722 277.4679 13.19723202 61493
ONEWEB-0642
1 55806U 23029L   24154.57735689  .00000010  00000+0 -78715-5 0  9990
2 55806  87.9153  93.1602 0003203  83.8458 276.3040 13.19724495 60692
ONEWEB-0653
1 55815U 23029V   24155.17838380  .00000035  00000+0  60240-4 0  9998
2 55815  87.8976  77.7209 0001844  88.4057 271.7284 13.14501318 62345
ONEWEB-0665
1 55825U 23029AF  24154.72644183 -.00000126  00000+0 -37463-3 0  9998
2 55825  87.8972  77.8378 0002215  88.5287 271.6096 13.14501576 61603
ONEWEB-0673
1 55832U 23029AN  24155.20126009  .00000050  00000+0  91589-4 0  9996
2 55832  87.9151  93.0014 0002197  88.3064 271.8320 13.19725078 61486
