ONEWEB-0161
1 48053U 21025M   24155.36943763 -.00000140  00000+0 -41791-3 0  9999
2 48053  87.8922 108.2759 0002114  77.4263 282.7102 13.13469252155871
ONEWEB-0490
1 54113U 22138A   24155.22019988 -.00000213  00000+0 -56320-3 0  9992
2 54113  87.9144  93.0200 0002212  82.3494 277.7890 13.19724479 79575
ONEWEB-0495
1 54115U 22138C   24155.22337490  .00000089  00000+0  18942-3 0  9992
2 54115  87.9153  93.0332 0002620  95.1878 264.9553 13.19724805 79560
ONEWEB-0499
1 54117U 22138E   24154.76371792  .00000019  00000+0  14044-4 0  9998
2 54117  87.9149  93.1141 0001866  95.5280 264.6065 13.19728288 78639
ONEWEB-0500
1 54118U 22138F   24155.22179302  .00000072  00000+0  14862-3 0  9990
2 54118  87.9148  93.0192 0002192  81.3245 278.8136 13.19723750 79570
ONEWEB-0504
1 54122U 22138K   24154.53154554  .00000037  00000+0  60723-4 0  9999
2 54122  87.9147  93.1573 0002077  92.6361 267.5010 13.19723940 79481
ONEWEB-0505
1 54123U 22138L   24154.52838618  .00000058  00000+0  11334-3 0  9995
2 54123  87.9145  93.1531 0002516  97.9852 262.1566 13.19724065 78592
ONEWEB-0507
1 54125U 22138N   24155.35763309  .00000031  00000+0  45219-4 0  9994
2 54125  87.9154  93.0047 0002376  85.9218 274.2186 13.19724201 79610
ONEWEB-0508
1 54126U 22138P   24155.12700355 -.00000058  00000+0 -17806-3 0  9993
2 54126  87.9152  93.0445 0002483  87.7255 272.4162 13.19728289 79569
ONEWEB-0513
1 54131U 22138U   24155.21309459  .00000056  00000+0  10845-3 0  9991
2 54131  87.9151  93.0276 0002214  98.3131 261.8253 13.19727096 79433
ONEWEB-0517
1 54135U 22138Y   24154.52994717  .00000049  00000+0  91199-4 0  9999
2 54135  87.9145  93.1562 0001672  89.6703 270.4622 13.19723388 78619
ONEWEB-0520
1 54138U 22138AB  24155.21546380  .00000024  00000+0  26439-4 0  9996
2 54138  87.9146  93.0181 0002446  90.9680 269.1733 13.19723749 79562
ONEWEB-0526
1 54144U 22138AH  24155.35604701  .00000065  00000+0  13096-3 0  9999
2 54144  87.9145  92.9891 0002207  81.5962 278.5421 13.19723517 79569
ONEWEB-0529
1 54145U 22138AJ  24155.35920591  .00000056  00000+0  10730-3 0  9990
2 54145  87.9151  93.0024 0002387  87.4243 272.7163 13.19723650 79582
ONEWEB-0646
1 55810U 23029Q   24155.35682254  .00000030  00000+0  42179-4 0  9996
2 55810  87.9152  93.0018 0002365  78.8727 281.2672 13.19727380 61476
ONEWEB-0675
1 55834U 23029AQ  24155.21705537  .00000031  00000+0  44114-4 0  9999
2 55834  87.9154  93.0304 0002238  70.3297 289.8077 13.19725591 61509
ONEWEB-0720
1 55835U 23029AR  24155.20915360  .00000112  00000+0  24698-3 0  9990
2 55835  87.9154  93.0329 0002549  87.1121 273.0303 13.19724014 61409
