ONEWEB-0155
1 48057U 21025R   24154.57750923 -.00000072  00000+0 -23258-3 0  9991
2 48057  87.8919 108.4459 0002086  81.8743 278.2623 13.13469265155939
ONEWEB-0160
1 48060U 21025U   24155.11234032 -.00000062  00000+0 -20549-3 0  9993
2 48060  87.8923 108.3413 0002326 107.0656 253.0728 13.13468688155887
ONEWEB-0173
1 48069U 21025AD  24155.41229065  .00000200  00000+0  51238-3 0  9996
2 48069  87.8921 108.2584 0002312  71.2814 288.8566 13.13469315156161
ONEWEB-0174
1 48072U 21025AG  24154.57274907  .00000110  00000+0  26500-3 0  9995
2 48072  87.8922 108.4420 0001889  80.5444 279.5898 13.13468660156085
ONEWEB-0316
1 49102U 21075AD  24154.88689762  .00000022  00000+0  22613-4 0  9992
2 49102  87.9135 123.6280 0001832  85.1155 275.0186 13.18688209139112
ONEWEB-0333
1 49199U 21083P   24154.58068331 -.00000080  00000+0 -25497-3 0  9995
2 49199  87.8926 108.4689 0002161  86.3485 273.7891 13.13469221133167
ONEWEB-0335
1 49201U 21083R   24155.41387693  .00000166  00000+0  42041-3 0  9994
2 49201  87.8925 108.2916 0002063  77.8376 282.2985 13.13467328134577
ONEWEB-0394
1 50474U 21132F   24155.20464694  .00000036  00000+0  58154-4 0  9996
2 50474  87.9129 123.5595 0001940  84.8794 275.2560 13.18686524124819
ONEWEB-0396
1 50476U 21132H   24155.19830236 -.00000418  00000+0 -10928-2 0  9996
2 50476  87.9134 123.5578 0001902  86.6998 273.4352 13.18685193124856
ONEWEB-0400
1 50480U 21132M   24155.19200484  .00000082  00000+0  17530-3 0  9999
2 50480  87.9130 123.5642 0002196  79.4219 280.7160 13.18688689124830
ONEWEB-0402
1 50482U 21132P   24154.44112243  .00000043  00000+0  75195-4 0  9992
2 50482  87.9128 123.7081 0002520  95.4746 264.6674 13.18687812123480
ONEWEB-0414
1 50491U 21132Y   24155.20147347  .00000019  00000+0  14483-4 0  9996
2 50491  87.9128 123.5583 0001930  93.4286 266.7067 13.18686499124868
ONEWEB-0417
1 50492U 21132Z   24155.20939269 -.00000018  00000+0 -78950-4 0  9999
2 50492  87.9136 123.5585 0001798  79.1207 281.0128 13.18682400124840
ONEWEB-0420
1 50495U 21132AC  24155.20306449 -.00000012  00000+0 -62838-4 0  9992
2 50495  87.9128 123.5899 0002370  89.5799 270.5605 13.18687945124820
ONEWEB-0421
1 50496U 21132AD  24155.42435527  .00000050  00000+0  93405-4 0  9991
2 50496  87.9137 123.5105 0001949  96.6126 263.5228 13.18682929124892
ONEWEB-0426
1 50498U 21132AF  24154.43479145  .00000064  00000+0  12944-3 0  9990
2 50498  87.9126 123.7319 0001405  89.0656 271.0637 13.18688508123438
ONEWEB-0430
1 50501U 21132AJ  24155.20622082  .00000050  00000+0  95104-4 0  9996
2 50501  87.9132 123.5659 0002454  77.7122 282.4285 13.18684768124869
ONEWEB-0543
1 55143U 23004D   24155.42278332  .00000154  00000+0  35663-3 0  9990
2 55143  87.9127 123.6090 0002359  91.5225 268.6178 13.18687467 71678
ONEWEB-0631
1 55171U 23004AH  24155.20781055  .00000047  00000+0  85592-4 0  9996
2 55171  87.9139 123.5141 0002094  65.1140 295.0209 13.18684411 71627
