ONEWEB-0397
1 50477U 21132J   24154.60552155  .00000052  00000+0  10021-3 0  9990
2 50477  87.9133 123.6770 0001844  85.9649 274.1694 13.18683521124750
ONEWEB-0403
1 50483U 21132Q   24155.45123447  .00000670  00000+0  16667-2 0  9996
2 50483  87.9133 123.5144 0001893  89.4671 270.6678 13.18692754124851
ONEWEB-0406
1 50486U 21132T   24155.15246485 -.00000128  00000+0 -35804-3 0  9999
2 50486  87.9132 123.5744 0001757  77.0949 283.0380 13.18684440124850
ONEWEB-0407
1 50487U 21132U   24154.61501183  .00000042  00000+0  73934-4 0  9999
2 50487  87.9128 123.6841 0002018  90.0417 270.0946 13.18688264123436
ONEWEB-0412
1 50489U 21132W   24155.21097067  .00000032  00000+0  48565-4 0  9990
2 50489  87.9132 123.5642 0002107  99.9237 260.2133 13.18684623124882
ONEWEB-0413
1 50490U 21132X   24154.60869953  .00000035  00000+0  56556-4 0  9997
2 50490  87.9132 123.6972 0002258  95.7435 264.3955 13.18684557123468
ONEWEB-0417
1 50492U 21132Z   24155.20939269 -.00000018  00000+0 -78950-4 0  9999
2 50492  87.9136 123.5585 0001798  79.1207 281.0128 13.18682400124840
ONEWEB-0418
1 50493U 21132AA  24155.44635070  .00000012  00000+0 -24570-5 0  9992
2 50493  87.9133 123.5150 0001591  76.4633 283.6676 13.18688199124926
ONEWEB-0427
1 50499U 21132AG  24155.15404461  .00000079  00000+0  16678-3 0  9994
2 50499  87.9128 123.5660 0001818  82.0362 278.0976 13.18688649124859
ONEWEB-0429
1 50500U 21132AH  24155.14141507  .00000048  00000+0  89772-4 0  9997
2 50500  87.9134 123.5735 0002251  87.3129 272.8261 13.18685602124814
ONEWEB-0440
1 50503U 21132AL  24154.84579754  .00000070  00000+0  14472-3 0  9994
2 50503  87.9132 123.6187 0002197 100.9632 259.1748 13.18688979123476
ONEWEB-0450
1 50504U 21132AM  24154.83961641  .00000054  00000+0  10324-3 0  9998
2 50504  87.9133 123.6484 0002450  85.7209 274.4203 13.18687760123507
ONEWEB-0571
1 55150U 23004L   24155.45440673  .00000035  00000+0  56810-4 0  9996
2 55150  87.9135 123.5721 0002727  62.3490 297.7919 13.18686358 71689
ONEWEB-0573
1 55152U 23004N   24154.61343271  .00000072  00000+0  14990-3 0  9994
2 55152  87.9129 123.7610 0002442  59.7525 300.3848 13.18688297 71569
ONEWEB-0588
1 55153U 23004P   24155.21411434  .00000030  00000+0  43480-4 0  9990
2 55153  87.9135 123.6075 0001875  67.7565 292.3765 13.18688647 71649
