ONEWEB-0027
1 45432U 20020J   24155.05600977  .00000075  00000+0  15873-3 0  9991
2 45432  87.9157 153.9782 0001867  76.9533 283.1807 13.17648185208369
ONEWEB-0130
1 47276U 20100U   24155.19227949  .00000152  00000+0  38531-3 0  9999
2 47276  87.8928 138.7843 0002181  83.8112 276.3265 13.12573916167057
ONEWEB-0131
1 47277U 20100V   24155.03659217  .00000255  00000+0  67268-3 0  9993
2 47277  87.8932 138.8298 0002211  87.7291 272.4090 13.12579549167076
ONEWEB-0136
1 47282U 20100AA  24155.04139227  .00000148  00000+0  37438-3 0  9991
2 47282  87.8930 138.8012 0002526  79.7922 280.3491 13.12574400167057
ONEWEB-0291
1 49081U 21075G   24155.44358731  .00000046  00000+0  85625-4 0  9998
2 49081  87.9155 153.9185 0001946  79.7527 280.3823 13.17650630136657
ONEWEB-0297
1 49086U 21075M   24155.19067958  .00000223  00000+0  58366-3 0  9991
2 49086  87.8936 138.8107 0001943  87.6675 272.4676 13.12578133138587
ONEWEB-0305
1 49093U 21075U   24155.06232520  .00000089  00000+0  19651-3 0  9998
2 49093  87.9158 153.9758 0001540  81.4518 278.6788 13.17651314136581
ONEWEB-0314
1 49100U 21075AB  24155.05918052  .00002138  00000+0  54723-2 0  9992
2 49100  87.9156 153.9744 0001687  74.2440 285.8878 13.17638557136561
ONEWEB-0323
1 49106U 21075AH  24155.50037649 -.00000136  00000+0 -41328-3 0  9998
2 49106  87.8928 138.7315 0001803  83.5941 276.5393 13.12570415138000
ONEWEB-0392
1 50472U 21132D   24155.05757026  .00000084  00000+0  18233-3 0  9997
2 50472  87.9155 153.9816 0001741  82.2996 277.8334 13.17651778121416
ONEWEB-0422
1 51626U 22012E   24155.50846772  .00000006  00000+0 -18878-4 0  9995
2 51626  87.9160 153.8821 0002709  98.1572 261.9867 13.17647801117153
ONEWEB-0423
1 51627U 22012F   24155.50211391 -.00000157  00000+0 -43794-3 0  9991
2 51627  87.9160 153.8841 0002065  92.8513 267.2855 13.17647405117052
ONEWEB-0443
1 51637U 22012R   24155.04966375  .00000084  00000+0  18405-3 0  9998
2 51637  87.9162 154.0209 0002292 100.9308 259.2081 13.17651074117016
ONEWEB-0461
1 51649U 22012AD  24155.13035667  .00000086  00000+0  18874-3 0  9994
2 51649  87.9159 153.9683 0001920  87.5853 272.5499 13.17647391117198
ONEWEB-0475
1 51655U 22012AK  24155.04809580  .00000100  00000+0  22536-3 0  9991
2 51655  87.9160 154.0100 0002302  99.2848 260.8544 13.17647174116988
ONEWEB-0616
1 55157U 23004T   24155.04492280  .00000097  00000+0  21781-3 0  9995
2 55157  87.9160 153.9843 0003087 104.4292 255.7182 13.17651004 69709
ONEWEB-0624
1 55165U 23004AB  24155.19707641 -.00000052  00000+0 -18056-3 0  9994
2 55165  87.8936 138.7783 0001776  87.4282 272.7050 13.12557871 70464
ONEWEB-0625
1 55166U 23004AC  24155.51637402  .00000045  00000+0  81815-4 0  9992
2 55166  87.9162 153.9196 0002144  97.0527 263.0848 13.17647449 69645
ONEWEB-0626
1 55167U 23004AD  24155.05126318  .00000047  00000+0  88840-4 0  9998
2 55167  87.9161 154.0127 0002205  73.5551 286.5823 13.17647750 69586
